MET file converted from FVCOM file2014_12Kmwrf.dat
KT = coef of heat exchange (watts/m2/C) (not used), TE = equil temp (C) (not used)
 IO = PAR (E/m2/day), FD=Fraction of day, and WS = wind speed (m/s)
    JDAY    KT      TE      IO      FD      WS  
   0.000  14.940  23.030   7.904   0.327   1.510
   0.500  14.940  23.030   7.904   0.327   1.510
   1.500  14.940  23.030   3.579   0.327   7.986
   2.500  14.940  23.030  13.182   0.327   4.903
   3.500  14.940  23.030  14.622   0.327   3.111
   4.500  14.940  23.030  14.526   0.326   3.875
   5.500  14.940  23.030  10.279   0.324   5.775
   6.500  14.940  23.030   2.936   0.322   7.733
   7.500  14.940  23.030   3.913   0.321   7.857
   8.500  14.940  23.030   5.191   0.319   7.177
   9.500  14.940  23.030   3.160   0.317   8.835
  10.500  14.940  23.030   6.494   0.315  12.387
  11.500  14.940  23.030   5.220   0.318   6.436
  12.500  14.940  23.030   8.795   0.321   5.465
  13.500  14.940  23.030   9.770   0.323   3.326
  14.500  14.940  23.030  15.397   0.326   2.838
  15.500  14.940  23.030  15.130   0.328   4.353
  16.500  14.940  23.030  16.472   0.331   3.776
  17.500  14.940  23.030  16.265   0.333   5.181
  18.500  14.940  23.030  15.099   0.333   3.855
  19.500  14.940  23.030  17.176   0.333   2.338
  20.500  14.940  23.030  13.059   0.333   5.662
  21.500  14.940  23.030  13.646   0.333   3.535
  22.500  14.940  23.030  17.910   0.333   4.685
  23.500  14.940  23.030  17.848   0.333   2.425
  24.500  14.940  23.030  19.006   0.333   3.152
  25.500  14.940  23.030  18.422   0.338   2.928
  26.500  14.940  23.030   8.741   0.344   3.727
  27.500  14.940  23.030   4.519   0.349   3.897
  28.500  14.940  23.030   3.970   0.354   6.698
  29.500  14.940  23.030   7.670   0.359   3.715
  30.500  14.940  23.030  20.627   0.364   5.304
  31.500  14.940  23.030  16.340   0.369   2.610
  32.500  14.940  23.030  21.484   0.373   5.193
  33.500  14.940  23.030  21.496   0.378   6.479
  34.500  14.940  23.030  22.947   0.382   7.015
  35.500  14.940  23.030  24.116   0.386   8.235
  36.500  14.940  23.030  24.168   0.390   6.667
  37.500  14.940  23.030  23.030   0.395   3.442
  38.500  14.940  23.030  23.373   0.399   4.338
  39.500  14.940  23.030  20.545   0.400   4.000
  40.500  14.940  23.030  12.887   0.401   8.297
  41.500  14.940  23.030  12.762   0.401   7.866
  42.500  14.940  23.030  20.261   0.402   7.427
  43.500  14.940  23.030  25.405   0.403   7.690
  44.500  14.940  23.030  24.970   0.404   7.516
  45.500  14.940  23.030   7.947   0.405   7.484
  46.500  14.940  23.030   6.320   0.406  11.337
  47.500  14.940  23.030  15.540   0.408   6.542
  48.500  14.940  23.030   7.622   0.410   7.993
  49.500  14.940  23.030  24.273   0.412   5.373
  50.500  14.940  23.030  10.933   0.413   4.699
  51.500  14.940  23.030  24.082   0.415   3.261
  52.500  14.940  23.030  10.080   0.417   4.042
  53.500  14.940  23.030   4.572   0.416   3.881
  54.500  14.940  23.030   6.859   0.415   3.586
  55.500  14.940  23.030  28.020   0.414   4.126
  56.500  14.940  23.030  27.596   0.413   3.086
  57.500  14.940  23.030  16.046   0.412   2.570
  58.500  14.940  23.030  29.111   0.412   4.940
  59.500  14.940  23.030  10.391   0.411   7.512
  60.500  14.940  23.030   8.894   0.413   5.803
  61.500  14.940  23.030  21.221   0.416   5.258
  62.500  14.940  23.030  15.460   0.418   3.507
  63.500  14.940  23.030  27.038   0.421   7.857
  64.500  14.940  23.030   9.858   0.423   9.925
  65.500  14.940  23.030  35.299   0.426   5.817
  66.500  14.940  23.030   9.908   0.429   7.935
  67.500  14.940  23.030  31.183   0.435   2.922
  68.500  14.940  23.030  33.428   0.442   4.959
  69.500  14.940  23.030  38.047   0.449   2.246
  70.500  14.940  23.030  38.912   0.456   2.697
  71.500  14.940  23.030  28.376   0.463   3.693
  72.500  14.940  23.030  39.086   0.469   5.312
  73.500  14.940  23.030  12.410   0.476   8.002
  74.500  14.940  23.030   7.923   0.480   3.474
  75.500  14.940  23.030  42.018   0.483   6.251
  76.500  14.940  23.030  35.292   0.486   5.455
  77.500  14.940  23.030  35.447   0.490   6.055
  78.500  14.940  23.030  41.316   0.493   2.880
  79.500  14.940  23.030  38.933   0.497   3.482
  80.500  14.940  23.030  29.498   0.500   2.805
  81.500  14.940  23.030  44.988   0.500   3.162
  82.500  14.940  23.030  34.920   0.500   3.991
  83.500  14.940  23.030  24.830   0.500   7.494
  84.500  14.940  23.030  29.195   0.500   4.715
  85.500  14.940  23.030  44.411   0.500   3.247
  86.500  14.940  23.030  19.295   0.500   6.102
  87.500  14.940  23.030  33.912   0.500   8.411
  88.500  14.940  23.030  40.031   0.500   6.103
  89.500  14.940  23.030  45.851   0.500   2.912
  90.500  14.940  23.030  47.893   0.500   4.597
  91.500  14.940  23.030  46.149   0.500   3.564
  92.500  14.940  23.030  24.107   0.500   7.369
  93.500  14.940  23.030  43.910   0.500   5.092
  94.500  14.940  23.030  22.655   0.500   4.779
  95.500  14.940  23.030  50.725   0.504   3.915
  96.500  14.940  23.030  49.406   0.509   5.149
  97.500  14.940  23.030  27.592   0.513   4.917
  98.500  14.940  23.030  48.586   0.517   3.635
  99.500  14.940  23.030  50.232   0.521   2.649
 100.500  14.940  23.030  47.485   0.526   2.710
 101.500  14.940  23.030  49.141   0.530   4.492
 102.500  14.940  23.030  56.283   0.533   2.528
 103.500  14.940  23.030  49.524   0.537   4.848
 104.500  14.940  23.030  45.057   0.540   5.600
 105.500  14.940  23.030  23.022   0.543   7.527
 106.500  14.940  23.030  24.633   0.547   6.783
 107.500  14.940  23.030  57.593   0.550   3.062
 108.500  14.940  23.030  33.676   0.554   7.586
 109.500  14.940  23.030  40.518   0.558   4.910
 110.500  14.940  23.030  50.082   0.562   4.687
 111.500  14.940  23.030  53.071   0.566   4.728
 112.500  14.940  23.030  54.967   0.571   6.811
 113.500  14.940  23.030  58.471   0.575   8.229
 114.500  14.940  23.030  61.271   0.579   4.131
 115.500  14.940  23.030  59.223   0.583   5.330
 116.500  14.940  23.030  44.805   0.582   5.450
 117.500  14.940  23.030  60.575   0.582   3.089
 118.500  14.940  23.030  50.469   0.581   3.178
 119.500  14.940  23.030  62.006   0.580   3.254
 120.500  14.940  23.030  55.572   0.579   3.150
 121.500  14.940  23.030  42.911   0.578   4.923
 122.500  14.940  23.030  43.648   0.577   6.301
 123.500  14.940  23.030  36.336   0.578   7.963
 124.500  14.940  23.030  60.397   0.579   3.411
 125.500  14.940  23.030  64.607   0.580   3.063
 126.500  14.940  23.030  64.469   0.581   3.055
 127.500  14.940  23.030  25.560   0.582   5.308
 128.500  14.940  23.030  51.330   0.582   5.336
 129.500  14.940  23.030  58.652   0.583   2.999
 130.500  14.940  23.030  66.573   0.583   2.844
 131.500  14.940  23.030  66.674   0.583   2.611
 132.500  14.940  23.030  66.686   0.583   3.085
 133.500  14.940  23.030  65.747   0.583   3.715
 134.500  14.940  23.030  46.427   0.583   4.124
 135.500  14.940  23.030  53.085   0.583   4.911
 136.500  14.940  23.030  61.927   0.583   1.791
 137.500  14.940  23.030  66.244   0.587   1.921
 138.500  14.940  23.030  68.340   0.590   3.486
 139.500  14.940  23.030  68.321   0.594   3.380
 140.500  14.940  23.030  66.352   0.597   2.372
 141.500  14.940  23.030  53.112   0.600   1.945
 142.500  14.940  23.030  43.963   0.604   3.659
 143.500  14.940  23.030  49.160   0.607   2.785
 144.500  14.940  23.030  53.453   0.613   1.991
 145.500  14.940  23.030  68.876   0.619   2.019
 146.500  14.940  23.030  67.567   0.625   2.442
 147.500  14.940  23.030  57.871   0.631   3.385
 148.500  14.940  23.030  63.312   0.637   3.545
 149.500  14.940  23.030  71.684   0.643   5.080
 150.500  14.940  23.030  70.809   0.649   2.849
 151.500  14.940  23.030  71.152   0.651   3.393
 152.500  14.940  23.030  71.620   0.654   3.290
 153.500  14.940  23.030  71.229   0.656   3.888
 154.500  14.940  23.030  71.633   0.659   2.808
 155.500  14.940  23.030  72.957   0.662   3.302
 156.500  14.940  23.030  72.872   0.664   4.157
 157.500  14.940  23.030  67.647   0.667   2.562
 158.500  14.940  23.030  58.495   0.662   2.525
 159.500  14.940  23.030  72.949   0.656   3.872
 160.500  14.940  23.030  71.687   0.651   3.007
 161.500  14.940  23.030  59.338   0.646   2.821
 162.500  14.940  23.030  40.500   0.641   3.388
 163.500  14.940  23.030  28.103   0.636   4.370
 164.500  14.940  23.030  47.480   0.631   3.209
 165.500  14.940  23.030  44.485   0.635   3.221
 166.500  14.940  23.030  71.612   0.639   2.172
 167.500  14.940  23.030  72.353   0.644   3.253
 168.500  14.940  23.030  67.555   0.648   3.011
 169.500  14.940  23.030  67.814   0.652   3.855
 170.500  14.940  23.030  49.967   0.656   3.133
 171.500  14.940  23.030  73.087   0.661   3.625
 172.500  14.940  23.030  68.030   0.661   3.434
 173.500  14.940  23.030  63.337   0.661   2.544
 174.500  14.940  23.030  70.387   0.661   2.592
 175.500  14.940  23.030  57.604   0.661   3.320
 176.500  14.940  23.030  62.505   0.661   3.362
 177.500  14.940  23.030  48.721   0.661   5.558
 178.500  14.940  23.030  69.063   0.661   5.872
 179.500  14.940  23.030  44.205   0.661   3.376
 180.500  14.940  23.030  72.106   0.661   4.449
 181.500  14.940  23.030  68.365   0.661   4.643
 182.500  14.940  23.030  63.069   0.661   3.075
 183.500  14.940  23.030  48.977   0.661   2.316
 184.500  14.940  23.030  49.972   0.661   2.558
 185.500  14.940  23.030  59.201   0.661   2.376
 186.500  14.940  23.030  69.060   0.658   2.746
 187.500  14.940  23.030  66.681   0.656   4.141
 188.500  14.940  23.030  71.136   0.653   4.209
 189.500  14.940  23.030  70.870   0.651   3.077
 190.500  14.940  23.030  71.469   0.648   2.625
 191.500  14.940  23.030  71.255   0.645   3.360
 192.500  14.940  23.030  67.945   0.643   2.604
 193.500  14.940  23.030  45.410   0.639   3.258
 194.500  14.940  23.030  67.178   0.634   2.351
 195.500  14.940  23.030  69.946   0.630   2.288
 196.500  14.940  23.030  68.618   0.626   3.120
 197.500  14.940  23.030  68.854   0.622   2.870
 198.500  14.940  23.030  64.240   0.617   2.495
 199.500  14.940  23.030  41.271   0.613   4.295
 200.500  14.940  23.030  17.836   0.609   1.780
 201.500  14.940  23.030  68.084   0.605   2.543
 202.500  14.940  23.030  67.543   0.600   2.248
 203.500  14.940  23.030  23.652   0.596   5.742
 204.500  14.940  23.030  52.792   0.592   3.026
 205.500  14.940  23.030  66.451   0.588   2.552
 206.500  14.940  23.030  66.507   0.583   3.109
 207.500  14.940  23.030  66.130   0.583   4.783
 208.500  14.940  23.030  66.351   0.583   4.527
 209.500  14.940  23.030  65.869   0.583   3.877
 210.500  14.940  23.030  65.425   0.583   3.508
 211.500  14.940  23.030  65.382   0.583   4.111
 212.500  14.940  23.030  54.913   0.583   3.163
 213.500  14.940  23.030  64.064   0.583   3.175
 214.500  14.940  23.030  64.011   0.582   3.264
 215.500  14.940  23.030  64.644   0.582   3.599
 216.500  14.940  23.030  63.160   0.581   2.657
 217.500  14.940  23.030  45.235   0.580   2.473
 218.500  14.940  23.030  61.087   0.579   2.771
 219.500  14.940  23.030  61.068   0.578   2.835
 220.500  14.940  23.030  60.382   0.577   3.441
 221.500  14.940  23.030  62.069   0.578   4.798
 222.500  14.940  23.030  58.315   0.579   3.618
 223.500  14.940  23.030  50.125   0.580   2.738
 224.500  14.940  23.030  27.125   0.581   4.310
 225.500  14.940  23.030  46.361   0.582   2.171
 226.500  14.940  23.030  52.789   0.582   2.292
 227.500  14.940  23.030  56.384   0.583   2.208
 228.500  14.940  23.030  56.947   0.581   3.090
 229.500  14.940  23.030  57.178   0.578   3.997
 230.500  14.940  23.030  39.511   0.576   3.132
 231.500  14.940  23.030  54.819   0.573   3.354
 232.500  14.940  23.030  56.119   0.571   3.848
 233.500  14.940  23.030  55.122   0.568   2.451
 234.500  14.940  23.030  55.276   0.565   1.985
 235.500  14.940  23.030  54.634   0.560   3.068
 236.500  14.940  23.030  53.606   0.554   3.515
 237.500  14.940  23.030  52.506   0.548   2.685
 238.500  14.940  23.030  51.262   0.542   2.326
 239.500  14.940  23.030  47.453   0.536   2.162
 240.500  14.940  23.030  10.987   0.530   1.858
 241.500  14.940  23.030  15.826   0.524   2.849
 242.500  14.940  23.030  45.091   0.520   3.042
 243.500  14.940  23.030  31.472   0.517   2.465
 244.500  14.940  23.030  33.222   0.514   2.887
 245.500  14.940  23.030  50.529   0.510   2.432
 246.500  14.940  23.030  50.329   0.507   4.310
 247.500  14.940  23.030  49.940   0.503   4.632
 248.500  14.940  23.030  49.672   0.500   4.130
 249.500  14.940  23.030  48.996   0.500   2.223
 250.500  14.940  23.030  30.684   0.500   2.768
 251.500  14.940  23.030  41.852   0.500   2.510
 252.500  14.940  23.030  47.361   0.500   5.649
 253.500  14.940  23.030  48.206   0.500   3.729
 254.500  14.940  23.030  47.363   0.500   5.592
 255.500  14.940  23.030  46.432   0.500   4.160
 256.500  14.940  23.030  45.779   0.499   3.420
 257.500  14.940  23.030  44.956   0.498   2.005
 258.500  14.940  23.030  38.943   0.497   2.720
 259.500  14.940  23.030  28.716   0.497   2.004
 260.500  14.940  23.030   8.711   0.496   1.391
 261.500  14.940  23.030  26.892   0.495   2.712
 262.500  14.940  23.030  41.417   0.494   4.498
 263.500  14.940  23.030  40.386   0.494   4.171
 264.500  14.940  23.030  35.811   0.494   4.710
 265.500  14.940  23.030  19.842   0.494   4.550
 266.500  14.940  23.030  26.863   0.494   4.862
 267.500  14.940  23.030  36.319   0.494   3.905
 268.500  14.940  23.030  13.140   0.494   4.860
 269.500  14.940  23.030  37.830   0.494   3.892
 270.500  14.940  23.030  37.624   0.486   3.804
 271.500  14.940  23.030  24.011   0.479   3.826
 272.500  14.940  23.030  36.260   0.471   2.262
 273.500  14.940  23.030  32.168   0.463   3.218
 274.500  14.940  23.030  35.280   0.456   2.004
 275.500  14.940  23.030  31.339   0.448   1.632
 276.500  14.940  23.030  23.286   0.440   1.859
 277.500  14.940  23.030  33.247   0.437   2.381
 278.500  14.940  23.030  32.122   0.434   2.094
 279.500  14.940  23.030  31.997   0.430   3.212
 280.500  14.940  23.030  22.509   0.427   1.432
 281.500  14.940  23.030  23.098   0.423   1.953
 282.500  14.940  23.030  25.244   0.420   6.246
 283.500  14.940  23.030  29.868   0.417   2.640
 284.500  14.940  23.030  20.937   0.416   4.006
 285.500  14.940  23.030  10.368   0.415   7.186
 286.500  14.940  23.030  13.400   0.414   3.098
 287.500  14.940  23.030  18.752   0.413   6.055
 288.500  14.940  23.030  23.937   0.412   4.845
 289.500  14.940  23.030  10.033   0.412   6.318
 290.500  14.940  23.030  24.987   0.411   4.926
 291.500  14.940  23.030  25.717   0.409   5.282
 292.500  14.940  23.030  26.487   0.407   5.765
 293.500  14.940  23.030  20.111   0.406   8.824
 294.500  14.940  23.030   8.159   0.404   8.641
 295.500  14.940  23.030  19.320   0.402   7.761
 296.500  14.940  23.030  14.032   0.401   3.337
 297.500  14.940  23.030  10.108   0.399   4.706
 298.500  14.940  23.030  19.819   0.395   5.763
 299.500  14.940  23.030  16.935   0.392   5.495
 300.500  14.940  23.030   7.111   0.389   8.354
 301.500  14.940  23.030  23.261   0.385   5.521
 302.500  14.940  23.030   6.778   0.382   4.234
 303.500  14.940  23.030  18.623   0.378   2.697
 304.500  14.940  23.030  22.335   0.375   2.592
 305.500  14.940  23.030   8.711   0.373   6.138
 306.500  14.940  23.030   6.408   0.372   8.865
 307.500  14.940  23.030  12.627   0.370   4.343
 308.500  14.940  23.030   6.484   0.368   5.343
 309.500  14.940  23.030   7.503   0.366   9.464
 310.500  14.940  23.030  19.237   0.365   3.265
 311.500  14.940  23.030  17.831   0.363   3.328
 312.500  14.940  23.030  15.954   0.360   7.217
 313.500  14.940  23.030  19.741   0.356   4.922
 314.500  14.940  23.030  20.375   0.353   7.629
 315.500  14.940  23.030  20.327   0.349   9.096
 316.500  14.940  23.030  19.644   0.346   6.734
 317.500  14.940  23.030  19.192   0.343   3.924
 318.500  14.940  23.030  19.128   0.339   4.670
 319.500  14.940  23.030  18.237   0.335   3.739
 320.500  14.940  23.030  18.080   0.331   2.115
 321.500  14.940  23.030  14.879   0.327   3.713
 322.500  14.940  23.030  13.345   0.322   4.446
 323.500  14.940  23.030   8.788   0.318   5.549
 324.500  14.940  23.030   1.695   0.314   7.217
 325.500  14.940  23.030  15.954   0.310   3.429
 326.500  14.940  23.030  15.020   0.311   5.776
 327.500  14.940  23.030   3.024   0.313   8.024
 328.500  14.940  23.030   1.867   0.315   4.619
 329.500  14.940  23.030   1.196   0.316  10.234
 330.500  14.940  23.030   5.127   0.318   9.653
 331.500  14.940  23.030   4.585   0.320   6.450
 332.500  14.940  23.030  15.914   0.321   8.838
 333.500  14.940  23.030  15.708   0.321   4.363
 334.500  14.940  23.030  15.282   0.320   2.697
 335.500  14.940  23.030  14.832   0.319   5.528
 336.500  14.940  23.030  14.072   0.318   3.945
 337.500  14.940  23.030   8.701   0.317   2.678
 338.500  14.940  23.030   2.803   0.316   3.088
 339.500  14.940  23.030   8.063   0.315   6.749
 340.500  14.940  23.030   8.934   0.317   3.889
 341.500  14.940  23.030   6.543   0.319   7.200
 342.500  14.940  23.030   9.303   0.321  10.845
 343.500  14.940  23.030   2.198   0.322  11.428
 344.500  14.940  23.030   3.775   0.324   8.281
 345.500  14.940  23.030  11.981   0.326   5.497
 346.500  14.940  23.030  12.023   0.327   3.437
 347.500  14.940  23.030  13.601   0.327   5.269
 348.500  14.940  23.030   4.814   0.326   6.036
 349.500  14.940  23.030   3.082   0.325   3.476
 350.500  14.940  23.030   6.563   0.324   2.947
 351.500  14.940  23.030   4.083   0.323   7.284
 352.500  14.940  23.030   3.698   0.322   8.326
 353.500  14.940  23.030   1.912   0.321   9.804
 354.500  14.940  23.030  11.291   0.323   5.853
 355.500  14.940  23.030  11.398   0.325   1.808
 356.500  14.940  23.030   2.151   0.327   6.435
 357.500  14.940  23.030  10.404   0.328   4.255
 358.500  14.940  23.030  11.742   0.330   3.020
 359.500  14.940  23.030   9.045   0.332   2.869
 360.500  14.940  23.030   5.235   0.333   4.692
 361.500  14.940  23.030  11.770   0.333   6.335
 362.500  14.940  23.030  14.235   0.333   6.127
 363.500  14.940  23.030  14.375   0.333   3.603
 364.500  14.940  23.030  13.949   0.333   3.460
 365.000  14.940  23.030  13.949   0.333   3.460
