Tidal harmonics S2 M2 N2 K2 K1 P1 O1 Q1 M4 M6 (amplitudes are in cm)
      87
       1    1.18
      24.8       93.9       19.5        5.2       39.7       14.1       23.4        4.1        0.1        0.2
       9.9      -18.4      -56.5      153.0       99.4      121.4      113.5       92.8      264.8        8.6
       2    1.18
      24.6       93.0       19.3        5.2       39.5       14.0       23.2        4.1        0.1        0.2
      10.3      -18.1      -56.2      153.4       99.6      121.7      113.9       93.3      264.7        9.0
       3    1.18
      24.3       92.3       19.1        5.1       39.4       14.0       23.1        4.0        0.1        0.2
      10.6      -17.9      -56.0      153.7       99.8      121.9      114.1       93.6      264.4        9.4
       4    1.18
      24.1       91.7       19.0        5.1       39.3       13.9       23.0        4.0        0.1        0.2
      11.0      -17.6      -55.8      154.1       99.9      122.0      114.3       93.9      264.7        9.8
       5    1.18
      24.1       91.6       19.0        5.1       39.2       13.9       23.0        4.0        0.1        0.2
      11.5      -17.2      -55.4      154.6      100.1      122.3      114.5       94.2      265.5       10.2
       6    1.18
      24.2       91.6       19.0        5.1       39.2       13.9       22.9        4.0        0.1        0.2
      12.0      -16.8      -55.0      155.1      100.4      122.5      114.7       94.5      266.0       10.7
       7    1.18
      24.3       92.0       19.0        5.1       39.3       13.9       23.0        4.0        0.1        0.2
      12.6      -16.3      -54.4      155.7      100.6      122.7      114.9       94.6      266.9       11.2
       8    1.18
      24.5       92.4       19.1        5.1       39.3       13.9       23.0        4.0        0.1        0.2
      13.1      -15.9      -54.0      156.3      100.8      122.9      115.1       94.7      267.5       11.7
       9    1.18
      24.6       92.7       19.2        5.2       39.3       14.0       23.0        4.0        0.1        0.2
      13.6      -15.5      -53.6      156.8      100.9      123.1      115.2       94.8      267.9       12.2
      10    1.18
      24.7       93.0       19.2        5.2       39.4       14.0       23.0        4.0        0.1        0.2
      14.1      -15.1      -53.2      157.2      101.1      123.3      115.4       95.0      268.1       12.6
      11    1.18
      24.8       93.3       19.3        5.2       39.4       14.0       23.1        4.0        0.1        0.2
      14.5      -14.8      -52.8      157.7      101.3      123.5      115.6       95.1      268.1       13.1
      12    1.18
      24.9       93.6       19.4        5.2       39.5       14.0       23.1        4.0        0.1        0.2
      15.0      -14.4      -52.5      158.1      101.5      123.7      115.8       95.2      268.1       13.6
      13    1.18
      25.1       94.0       19.4        5.3       39.6       14.0       23.2        4.0        0.1        0.2
      15.4      -14.1      -52.1      158.5      101.7      123.9      116.0       95.3      267.9       14.1
      14    1.18
      25.2       94.3       19.5        5.3       39.6       14.1       23.3        4.1        0.1        0.2
      15.7      -13.8      -51.8      158.9      101.9      124.1      116.2       95.5      267.6       14.6
      15    1.18
      25.3       94.5       19.5        5.3       39.7       14.1       23.3        4.1        0.1        0.2
      16.1      -13.5      -51.5      159.2      102.1      124.3      116.5       95.6      267.3       15.0
      16    1.18
      25.4       94.8       19.6        5.3       39.7       14.1       23.4        4.1        0.1        0.2
      16.4      -13.2      -51.2      159.6      102.3      124.5      116.8       95.9      266.9       15.5
      17    1.18
      25.5       95.1       19.6        5.4       39.7       14.1       23.4        4.1        0.1        0.2
      16.8      -12.9      -50.9      160.0      102.6      124.8      117.2       96.3      266.6       16.1
      18    1.18
      25.6       95.5       19.7        5.4       39.7       14.1       23.3        4.1        0.1        0.2
      17.2      -12.5      -50.5      160.4      102.7      125.0      117.6       96.8      266.3       16.6
      19    1.18
      25.8       95.8       19.8        5.4       39.6       14.1       23.2        4.1        0.1        0.2
      17.6      -12.2      -50.2      160.8      102.9      125.1      117.8       97.3      266.4       17.2
      20    1.18
      25.9       96.0       19.8        5.4       39.6       14.1       23.1        4.1        0.1        0.2
      17.9      -11.9      -49.9      161.1      102.9      125.1      117.8       97.6      266.6       17.6
      21    1.18
      26.0       96.3       19.9        5.5       39.6       14.1       22.9        4.0        0.1        0.2
      18.4      -11.6      -49.5      161.6      102.9      125.1      117.5       97.8      266.7       18.0
      22    1.18
      26.0       96.3       19.9        5.5       39.7       14.1       23.0        4.0        0.1        0.2
      18.6      -11.4      -49.3      161.8      102.9      125.1      117.3       97.6      266.2       18.2
      23    1.18
      26.1       96.5       19.9        5.5       39.8       14.1       23.1        4.0        0.1        0.2
      18.9      -11.2      -49.1      162.1      103.0      125.2      117.3       97.4      265.7       18.6
      24    1.18
      26.1       96.6       19.9        5.5       39.8       14.1       23.1        4.0        0.1        0.2
      19.1      -11.0      -48.9      162.3      103.0      125.3      117.3       97.2      265.6       19.0
      25    1.18
      26.2       96.8       20.0        5.5       40.0       14.2       23.3        4.0        0.1        0.2
      19.4      -10.7      -48.6      162.6      103.2      125.4      117.4       97.1      265.3       19.4
      26    1.18
      26.3       97.0       20.0        5.5       40.1       14.3       23.4        4.1        0.1        0.2
      19.8      -10.4      -48.3      163.0      103.5      125.7      117.7       97.3      265.2       20.1
      27    1.18
      26.4       97.3       20.1        5.5       40.3       14.3       23.5        4.1        0.1        0.2
      20.1      -10.1      -48.0      163.4      103.9      126.1      118.1       97.7      265.4       20.6
      28    1.18
      26.5       97.5       20.1        5.6       40.2       14.3       23.5        4.1        0.1        0.2
      20.5       -9.8      -47.7      163.7      104.2      126.4      118.3       97.9      266.4       20.9
      29    1.18
      26.6       97.9       20.2        5.6       40.1       14.3       23.6        4.1        0.1        0.2
      21.1       -9.3      -47.2      164.3      104.6      126.8      118.7       98.1      268.1       21.5
      30    1.18
      26.7       98.1       20.2        5.6       40.0       14.2       23.6        4.1        0.1        0.2
      21.5       -8.9      -46.8      164.7      104.7      127.0      119.0       98.2      270.2       21.3
      31    1.18
      26.8       98.3       20.3        5.6       39.8       14.2       23.5        4.1        0.1        0.2
      22.0       -8.5      -46.4      165.2      104.7      127.0      119.5       98.8      271.9       21.3
      32    1.18
      27.0       98.6       20.3        5.7       40.1       14.2       23.4        4.1        0.1        0.1
      22.6       -7.9      -45.8      165.8      104.7      127.0      119.4       98.9      273.8       21.6
      33    1.18
      27.0       98.8       20.4        5.7       40.3       14.3       23.4        4.1        0.1        0.1
      23.1       -7.5      -45.4      166.3      104.8      127.1      119.4       98.9      275.2       21.5
      34    1.18
      27.1       99.0       20.4        5.7       40.4       14.3       23.5        4.1        0.1        0.1
      23.5       -7.2      -45.0      166.7      105.0      127.3      119.4       99.0      276.6       21.3
      35    1.18
      27.2       99.1       20.4        5.7       40.5       14.4       23.7        4.1        0.1        0.1
      23.9       -6.8      -44.6      167.1      105.2      127.5      119.5       99.1      278.0       20.2
      36    1.18
      27.3       99.1       20.4        5.7       40.6       14.4       23.8        4.1        0.1        0.1
      24.4       -6.4      -44.1      167.5      105.5      127.9      119.8       99.3      280.0       15.8
      37    1.18
      27.3       99.1       20.4        5.7       40.7       14.5       23.9        4.2        0.1        0.1
      24.8       -6.0      -43.8      167.9      105.8      128.2      120.2       99.6      281.6        9.3
      38    1.18
      27.4       99.1       20.4        5.7       40.8       14.5       24.0        4.2        0.1        0.1
      25.1       -5.8      -43.5      168.2      106.1      128.5      120.7      100.0      282.4        7.2
      39    1.18
      27.4       99.1       20.4        5.7       40.7       14.5       23.9        4.2        0.1        0.1
      25.4       -5.6      -43.3      168.4      106.5      128.8      121.3      100.6      284.1        1.6
      40    1.18
      27.4       99.2       20.4        5.7       40.7       14.5       23.8        4.2        0.1        0.1
      25.6       -5.5      -43.2      168.6      106.4      128.8      121.3      100.7      284.5      359.2
      41    1.18
      27.6       99.4       20.5        5.8       40.8       14.5       23.7        4.1        0.1        0.1
      25.9       -5.2      -42.9      168.9      106.6      129.0      121.4      101.0      285.4        0.2
      42    1.18
      27.7       99.8       20.5        5.8       40.9       14.5       23.8        4.1        0.1        0.1
      26.2       -5.0      -42.6      169.2      107.0      129.4      121.4      100.9      287.1      359.4
      43    1.18
      27.8      100.1       20.6        5.8       41.2       14.6       24.0        4.1        0.1        0.1
      26.7       -4.6      -42.3      169.7      107.7      130.0      121.6      100.9      287.1        5.4
      44    1.18
      28.0      100.5       20.7        5.9       41.0       14.5       24.1        4.2        0.1        0.1
      27.0       -4.3      -42.0      170.1      108.4      130.6      122.4      101.4      286.4        6.7
      45    1.18
      28.1      100.8       20.7        5.9       40.8       14.5       24.0        4.2        0.1        0.1
      27.4       -3.9      -41.6      170.5      108.6      130.8      122.9      102.0      285.1        7.7
      46    1.18
      28.2      101.1       20.8        5.9       40.5       14.4       23.7        4.1        0.1        0.1
      27.8       -3.6      -41.3      170.9      108.8      131.0      123.2      102.5      284.4        9.7
      47    1.18
      28.3      101.3       20.8        5.9       40.5       14.4       23.7        4.1        0.1        0.1
      28.2       -3.3      -41.0      171.3      108.8      130.9      123.1      102.5      284.2       10.9
      48    1.18
      28.4      101.5       20.9        6.0       40.5       14.4       23.7        4.1        0.1        0.1
      28.5       -3.0      -40.6      171.7      109.0      131.1      123.1      102.5      284.1       11.9
      49    1.18
      28.6      101.8       20.9        6.0       40.2       14.3       23.8        4.1        0.1        0.1
      29.1       -2.4      -40.1      172.3      109.2      131.3      123.2      102.3      285.1       13.8
      50    1.18
      28.7      102.0       21.0        6.0       40.1       14.3       23.9        4.2        0.1        0.1
      29.6       -2.0      -39.7      172.7      109.1      131.4      123.6      102.6      286.2       14.8
      51    1.18
      28.8      102.2       21.0        6.0       40.0       14.3       23.7        4.2        0.1        0.1
      29.9       -1.7      -39.4      173.0      108.8      131.2      123.9      103.1      287.5       15.4
      52    1.18
      28.8      102.3       21.0        6.1       40.0       14.3       23.5        4.1        0.1        0.1
      30.2       -1.5      -39.1      173.4      108.5      130.9      124.0      103.5      287.1       16.0
      53    1.18
      28.9      102.5       21.0        6.1       40.4       14.4       23.4        4.1        0.1        0.1
      30.6       -1.1      -38.8      173.7      108.1      130.6      123.4      103.0      285.3       16.6
      54    1.18
      29.0      102.6       21.1        6.1       40.7       14.5       23.6        4.1        0.1        0.1
      30.8       -0.9      -38.5      174.0      108.4      130.9      123.2      102.5      285.2       16.9
      55    1.18
      29.1      102.7       21.1        6.1       40.9       14.5       23.9        4.2        0.1        0.1
      31.2       -0.6      -38.2      174.3      109.0      131.4      123.7      102.8      285.3       17.3
      56    1.18
      29.1      102.9       21.1        6.1       41.0       14.6       23.9        4.2        0.1        0.1
      31.5       -0.3      -37.9      174.7      109.4      131.8      124.1      103.4      285.3       17.7
      57    1.18
      29.2      103.1       21.2        6.1       41.0       14.6       23.9        4.1        0.1        0.1
      31.8       -0.0      -37.6      175.1      109.9      132.3      124.0      103.4      286.1       18.0
      58    1.18
      29.3      103.3       21.2        6.2       40.8       14.5       24.1        4.2        0.1        0.1
      32.2        0.3      -37.3      175.4      110.2      132.6      124.4      103.4      285.9       18.2
      59    1.18
      29.4      103.5       21.2        6.2       40.7       14.5       24.0        4.2        0.1        0.1
      32.5        0.6      -37.0      175.7      110.2      132.6      124.9      104.0      285.6       18.4
      60    1.18
      29.5      103.7       21.3        6.2       40.8       14.5       23.9        4.2        0.1        0.1
      32.8        0.9      -36.7      176.0      110.2      132.6      125.0      104.3      285.2       18.5
      61    1.18
      29.6      103.8       21.3        6.2       40.8       14.5       24.0        4.2        0.1        0.1
      32.9        1.0      -36.6      176.1      110.3      132.7      125.0      104.2      284.9       18.5
      62    1.18
      29.7      104.0       21.3        6.2       40.9       14.5       24.0        4.2        0.1        0.1
      33.1        1.1      -36.4      176.3      110.3      132.7      125.0      104.1      284.5       18.4
      63    1.18
      29.7      104.1       21.4        6.2       40.8       14.5       24.0        4.2        0.1        0.1
      33.3        1.3      -36.2      176.5      110.5      132.9      125.4      104.6      284.4       18.3
      64    1.18
      29.8      104.2       21.4        6.3       40.9       14.5       24.0        4.2        0.1        0.1
      33.5        1.5      -36.0      176.7      110.4      132.9      125.2      104.4      284.4       18.1
      65    1.18
      29.8      104.3       21.4        6.3       40.9       14.6       24.1        4.2        0.1        0.1
      33.6        1.6      -35.9      176.8      110.5      133.0      125.2      104.3      284.1       17.9
      66    1.18
      29.9      104.4       21.4        6.3       41.0       14.6       24.1        4.2        0.1        0.1
      33.7        1.7      -35.8      176.9      110.7      133.1      125.4      104.5      283.8       17.8
      67    1.18
      29.9      104.5       21.4        6.3       40.9       14.6       24.1        4.2        0.1        0.1
      33.9        1.8      -35.7      177.1      110.9      133.3      125.8      104.9      283.6       17.5
      68    1.18
      30.0      104.7       21.5        6.3       40.9       14.6       24.1        4.2        0.1        0.1
      34.0        2.0      -35.5      177.3      111.0      133.5      126.0      105.3      283.6       16.9
      69    1.18
      30.1      104.8       21.5        6.3       40.9       14.6       23.9        4.2        0.1        0.1
      34.2        2.1      -35.4      177.4      111.0      133.4      125.9      105.3      283.5       16.0
      70    1.18
      30.1      104.9       21.5        6.3       40.9       14.6       23.9        4.2        0.1        0.1
      34.3        2.2      -35.3      177.5      110.9      133.4      125.7      105.2      282.6       14.8
      71    1.18
      30.2      105.1       21.5        6.3       40.9       14.6       23.9        4.2        0.1        0.1
      34.4        2.3      -35.2      177.6      110.9      133.4      125.6      105.0      281.2       13.6
      72    1.18
      30.3      105.3       21.6        6.4       41.0       14.6       24.0        4.2        0.1        0.1
      34.5        2.4      -35.1      177.7      111.0      133.4      125.5      104.9      278.8       12.1
      73    1.18
      30.4      105.6       21.6        6.4       41.0       14.6       24.1        4.2        0.1        0.1
      34.6        2.5      -34.9      177.9      111.2      133.6      125.7      104.9      274.6       10.9
      74    1.18
      30.5      106.0       21.7        6.4       41.0       14.6       24.1        4.2        0.0        0.1
      34.8        2.7      -34.8      178.0      111.3      133.8      126.0      105.2      266.2        9.4
      75    1.18
      30.7      106.4       21.8        6.5       40.9       14.6       24.1        4.2        0.0        0.1
      34.9        2.8      -34.7      178.1      111.4      133.8      126.2      105.4      252.6        7.2
      76    1.18
      31.0      107.1       21.9        6.5       41.0       14.6       24.1        4.2        0.0        0.1
      35.0        2.9      -34.5      178.3      111.4      133.9      126.3      105.6      237.5        6.1
      77    1.18
      31.8      109.4       22.4        6.7       41.1       14.7       24.1        4.2        0.1        0.2
      36.1        3.9      -33.5      179.3      112.1      134.6      127.1      106.4      217.6      353.5
      78    1.18
      32.9      112.3       23.0        6.9       41.3       14.8       24.4        4.3        0.1        0.2
      36.6        4.3      -32.9      179.8      112.7      135.2      127.8      106.7      198.1      340.7
      79    1.18
      33.6      114.3       23.4        7.1       41.3       14.8       24.3        4.3        0.2        0.2
      37.1        4.7      -32.4      180.2      113.1      135.6      128.3      107.4      192.7      336.3
      80    1.18
      34.4      116.3       23.8        7.2       41.2       14.7       24.2        4.3        0.2        0.3
      37.5        5.1      -32.0      180.6      113.7      136.3      128.8      108.0      188.9      334.1
      81    1.18
      34.9      117.9       24.1        7.3       41.1       14.7       24.2        4.2        0.2        0.4
      37.9        5.4      -31.6      180.9      114.2      136.8      129.3      108.4      187.8      333.6
      82    1.18
      35.3      119.1       24.3        7.4       41.1       14.7       24.2        4.2        0.2        0.4
      38.1        5.6      -31.4      181.0      114.6      137.2      129.6      108.7      187.3      333.5
      83    1.18
      35.7      120.5       24.6        7.5       41.3       14.8       24.3        4.3        0.3        0.5
      38.3        5.7      -31.2      181.1      115.1      137.6      130.0      109.0      186.5      333.9
      84    1.18
      36.1      121.6       24.8        7.6       41.4       14.8       24.4        4.3        0.3        0.5
      38.3        5.7      -31.2      181.1      115.4      137.8      130.2      109.2      185.3      335.1
      85    1.18
      36.4      122.4       24.9        7.7       41.5       14.8       24.4        4.3        0.3        0.6
      38.3        5.7      -31.2      181.0      115.7      138.0      130.4      109.3      183.3      337.5
      86    1.18
      36.6      122.9       25.0        7.7       41.5       14.8       24.4        4.3        0.3        0.6
      38.1        5.5      -31.4      180.9      115.8      138.1      130.5      109.4      181.0      340.0
      87    1.18
      36.7      123.2       25.1        7.7       41.5       14.8       24.4        4.3        0.3        0.6
      37.8        5.3      -31.6      180.6      115.9      138.2      130.5      109.5      178.0      342.9
